40 130 139
68 110
78 2
41 57
125 47
18 53
96 94
9 104
76 68
24 13
19 33
36 19
64 79
48 128
40 59
63 77
27 37
125 126
60 27
118 57
35 28
60 46
44 126
53 129
1 120
73 102
43 84
11 40
65 116
30 117
2 4
98 62
74 83
13 49
52 97
89 93
83 61
42 71
46 130
1 105
88 122
95 70
56 85
1 32
65 82
24 51
80 29
5 41
31 16
100 120
115 3
10 110
22 38
28 40
22 107
28 85
86 43
66 31
39 52
5 123
12 15
15 42
93 80
23 34
114 58
126 9
119 50
92 31
80 90
37 12
122 77
113 27
101 15
99 19
127 121
104 114
89 2
14 8
90 109
71 127
3 95
88 69
65 36
121 74
91 12
45 92
17 66
48 88
123 36
3 119
5 92
115 14
73 38
37 117
120 7
123 111
81 55
84 9
48 73
6 104
118 106
32 95
10 76
34 97
124 112
16 17
125 54
32 114
64 7
71 20
81 21
62 53
116 124
96 61
67 85
25 117
26 44
69 63
81 11
38 110
124 108
33 22
50 8
11 99
89 103
98 13
98 93
42 116
24 34
100 79
113 130
94 127
30 25
84 33
72 90
39 97
41 106
43 62
87 99
44 75
93 102
44 108
55 80
81 112
67 23
27 24
71 115
109 71
26 79
39 79
124 98
43 89
16 65
90 117
104 3
60 28
60 22
49 21
129 120
118 120
119 30
128 76
47 12
104 107
49 38
88 8
2 8
1 83
31 58
77 80
65 53
29 56
119 7
50 75
3 107
73 81
108 107
96 4
103 19
117 122
56 30
29 1
82 50
98 106
85 20
70 21
87 20
40 110
92 6
77 100
59 29
114 47
106 74
85 97
33 52
44 115
127 90
8 87
7 30
108 57
96 21
34 51
118 88
70 74
69 14
74 81
17 42
41 96
39 18
37 87
94 62
66 67
123 24
99 34
42 68
72 45
63 100
123 22
121 1
27 48
102 76
86 45
13 116
70 51
43 50
97 33
113 54
35 111
43 15
82 31
127 5
105 78
84 122
13 6
113 31
82 83
62 61
72 126
103 27
128 36
35 45
80 85
93 17
44 83
23 66
39 11
99 84
28 22
61 94
20 48
103 26
25 100
6 33
106 97
36 105
123 23
10 110
56 64
91 71
95 51
49 110
35 77
65 24
9 124
13 94
14 130
5 46
88 14
129 118
125 113
46 68
41 4
47 79
72 101
34 78
115 48
98 9
26 32
91 109
121 52
129 4
99 16
96 110
86 82
6 69
41 63
119 126
28 57
23 84
73 32
114 7
35 56
100 123
74 77
35 23
112 5
46 10
106 66
109 17
40 12
28 3
54 73
9 1
53 70
96 61
59 102
128 115
98 89
91 26
74 68
11 125
49 67
8 17
5 130
56 13
68 93
21 18
107 27
106 36
78 93
124 50
35 48
1 109
128 74
48 83
104 66
112 107
125 130
57 116
26 87
108 52
47 122
92 98
38 40
13 42
37 65
104 86
114 60
45 36
44 84
50 102
79 122
91 70
39 121
18 97
17 75
76 115
81 22
32 102
88 80
118 127
56 51
71 24
127 13
6 105
106 129
127 15
87 91
101 94
67 36
50 55
77 103
94 24
113 6
24 101
98 86
104 83
33 116
130 11
119 129
123 25
123 105
121 66
52 70
29 21
90 29
84 105
71 41
120 67
124 71
10 61
109 40
103 19
68 124
46 61
62 65
77 19
58 85
85 111
99 42
81 117
15 118
30 93
34 112
31 75
83 22
7 128
20 33
23 14
47 97
95 51
7 64
51 43
90 3
16 42
1 115
20 59
88 41
92 89
117 22
54 79
5 85
72 119
48 76
2 88
65 75
76 107
114 96
31 3
100 40
57 101
66 32
55 18
127 25
21 33
123 117
124 50
13 82
92 77
9 46
37 107
113 93
54 5
121 1
92 116
130 47
82 7
130 23
78 21
30 37
114 25
71 108
121 95
61 117
68 107
22 66
24 54
38 3
9 34
28 2
98 37
28 10
90 3
43 125
85 81
56 113
70 65
93 29
122 71
88 63
85 56
79 82
87 41
126 40
74 10
108 51
8 10
60 96
68 118
47 120
2 70
25 20
101 78
40 69
4 59
129 81
46 6
74 35
109 2
69 125
111 128
94 73
75 14
49 89
27 122
64 104
126 64
120 49
98 119
26 93
123 61
9 17
115 85
68 58
86 95
78 124
102 31
5 24
22 73
60 114
36 75
128 97
79 63
104 102
19 91
114 46
72 127
110 17
50 4
42 47
94 32
89 83
123 12
126 75
62 86
77 21
53 125
19 102
97 23
73 12
67 55
84 106
11 95
12 80
63 99
39 90
69 76
72 20
8 35
110 34
58 52
79 77
121 24
107 39
84 90
130 111
15 64
59 57
7 104
31 56
51 27
112 80
19 28
44 87
16 84
60 7
48 89
120 81
86 39
58 45
48 67
49 105
103 98
83 18
113 87
80 92
70 27
56 101
97 1
27 8
73 77
106 57
78 42
104 18
67 69
47 44
25 34
93 118
127 31
103 94
91 48
9 39
66 15
2 119
107 113
29 61
60 94
33 109
79 15
32 34
16 113
5 35
123 8
66 21
33 117
21 63
49 54
14 119
2 120
88 39
1 65
116 68
25 7
128 74
83 128
30 111
12 17
54 7
55 52
119 17
82 30
54 99
23 118
49 103
11 23
58 78
38 24
52 114
106 100
103 116
28 80
51 2
19 117
96 115
13 77
48 26
67 49
56 120
50 107
29 41
24 18
16 22
3 14
20 120
105 106
130 104
25 45
126 109
41 50
122 83
43 74
98 87
99 89
33 46
17 64
127 36
55 47
60 108
97 13
114 62
127 93
66 77
9 76
85 21
107 61
91 90
121 13
27 95
56 48
35 122
9 53
19 46
16 20
67 112
121 84
47 10
88 4
52 70
60 8
6 82
126 11
20 118
1 42
114 40
26 90
123 95
130 75
76 96
94 86
115 4
24 30
58 87
37 11
129 34
23 97
100 126
51 28
98 42
72 113
5 128
15 71
12 64
3 124
99 81
74 31
102 100
51 82
110 53
28 53
124 14
38 75
125 109
92 121
31 55
7 93
59 116
88 67
27 32
11 115
35 16
75 117
88 82
79 47
36 92
61 109
110 43
62 124
24 6
40 87
118 12
126 101
80 51
25 96
95 77
14 16
93 77
110 17
78 82
119 98
124 96
27 112
119 112
23 120
33 7
106 91
46 67
117 39
83 76
94 85
55 107
104 89
11 126
57 14
118 130
36 48
105 104
28 44
30 15
118 32
112 93
13 123
19 66
25 75
102 51
123 70
74 34
68 45
107 5
45 8
80 108
77 54
102 81
30 34
65 115
50 22
59 52
42 20
90 88
125 122
104 30
60 15
117 125
65 101
79 107
89 21
111 43
78 76
50 1
60 82
66 33
26 100
52 15
42 9
10 129
13 62
4 86
51 85
45 40
35 114
9 68
29 85
80 22
55 2
48 92
75 55
1 23
74 68
22 120
86 60
24 25
129 27
9 102
29 121
34 96
57 41
3 66
79 73
70 103
130 12
29 113
103 62
127 52
72 119
69 17
97 124
84 81
61 111
97 49
100 95
24 38
42 48
49 53
93 11
41 40
71 26
97 33
5 128
89 56
106 99
32 74
37 78
71 95
31 49
91 3
110 5
114 41
69 109
122 44
28 125
86 58
67 63
81 18
3 99
116 129
64 76
30 58
38 44
20 100
76 93
116 115
98 84
15 79
1 54
49 108
73 80
36 83
110 40
79 8
32 15
37 39
103 99
65 30
107 66
128 74
121 73
111 81
2 62
122 124
55 110
84 26
10 36
45 33
55 54
19 83
91 82
118 29
46 72
3 32
65 17
61 28
91 16
113 49
6 5
130 26
104 121
10 85
118 105
68 64
100 5
12 6
85 93
123 120
103 31
102 22
79 55
129 83
21 17
110 71
44 11
95 96
59 76
69 70
1 24
50 5
40 76
92 61
119 122
78 51
18 107
109 86
93 56
12 114
51 56
54 60
41 100
97 66
13 9
2 23
41 47
88 9
41 59
43 124
70 72
8 3
18 12
37 38
112 19
112 7
14 115
87 42
52 2
35 17
120 85
120 108
69 115
63 20
122 68
22 87
81 48
125 87
86 89
95 74
126 103
51 72
4 112
95 69
86 10
90 20
126 35
108 113
75 105
94 57
82 16
92 62
106 124
40 84
6 25
88 45
62 28
101 88
31 52
60 24
67 97
19 22
27 119
16 26
94 80
52 119
104 36
117 9
68 127
34 126
105 45
53 89
114 67
58 21
104 57
96 128
77 59
35 44
11 39
81 70
118 89
31 56
50 88
2 107
41 18
7 14
25 18
114 58
66 61
73 85
46 9
97 110
104 115
117 42
100 126
128 40
47 125
26 122
33 75
28 33
72 65
130 111
103 115
68 109
118 120
102 20
63 122
96 70
9 82
108 84
130 2
60 21
36 6
123 52
7 121
34 52
23 121
31 104
119 108
81 104
71 17
6 85
54 84
83 50
16 99
12 121
1 84
19 53
37 30
63 102
89 35
11 107
69 93
40 56
59 31
116 94
118 27
8 15
92 26
30 21
95 113
43 87
100 42
38 126
4 105
127 76
128 5
43 110
22 53
122 96
35 11
78 34
4 82
59 14
80 47
130 52
46 105
21 6
114 127
64 16
70 71
86 103
24 39
30 17
7 69
109 108
124 118
53 79
106 3
125 80
92 44
112 70
10 18
126 13
8 44
90 83
29 49
51 58
116 99
67 115
10 31
34 37
65 129
102 101
125 100
55 95
28 91
110 127
44 15
97 87
55 49
61 10
67 86
106 65
92 120
17 42
58 82
91 29
14 98
61 99
91 59
12 23
96 28
77 36
48 69
62 124
71 19
89 111
26 109
24 73
114 63
32 33
64 94
19 106
83 120
74 37
113 29
128 50
40 57
39 77
45 124
31 91
103 112
28 66
74 87
112 38
76 123
10 59
44 41
44 124
49 56
34 99
77 64
111 99
56 18
42 4
29 121
22 126
17 113
25 120
84 99
101 37
58 30
71 129
86 85
6 128
39 60
107 95
54 9
73 88
94 62
77 11
45 89
61 122
106 121
117 26
45 119
48 128
57 5
61 83
63 46
24 32
37 30
102 28
120 88
39 130
10 23
32 54
39 91
2 23
55 92
5 27
118 114
117 80
33 111
100 60
3 22
43 38
113 130
68 36
118 116
17 82
2 81
98 63
116 83
69 42
79 31
72 82
82 94
65 15
103 45
101 8
12 63
13 23
16 75
28 112
2 117
20 100
90 48
40 119
78 21
81 11
25 73
92 20
64 74
46 31
1 33
74 33
15 75
36 111
71 10
100 70
101 50
24 128
94 19
16 26
36 14
52 65
35 19
108 46
37 126
91 5
125 58
64 22
57 106
130 47
61 81
108 56
71 109
76 7
87 110
108 104
8 67
77 119
67 115
27 29
21 93
52 16
107 38
115 50
96 113
103 42
87 120
97 126
86 30
20 55
53 83
9 78
60 11
129 109
93 24
125 85
127 41
41 26
118 105
76 19
127 124
43 95
48 116
17 51
122 66
23 78
54 100
89 84
39 9
44 110
95 38
45 126
88 109
46 20
25 93
5 24
7 12
59 127
67 39
100 3
97 64
105 26
32 68
42 63
110 21
79 32
104 105
32 48
92 43
34 86
73 130
96 47
20 76
17 74
57 47
10 16
34 58
87 25
111 109
22 40
43 5
28 75
118 93
30 128
90 9
49 94
82 30
58 13
128 102
87 118
81 110
37 77
85 39
74 55
19 56
123 115
17 16
11 44
79 71
126 37
62 42
26 18
80 116
103 11
99 130
2 1
127 97
3 107
4 33
79 14
71 115
96 114
12 1
70 73
120 50
9 91
40 111
103 101
63 91
62 124
44 18
61 92
88 22
111 49
92 11
50 29
106 80
102 54
49 103
70 99
63 50
41 96
6 59
126 43
117 113
31 36
2 7
81 86
38 34
119 72
1 84
80 27
76 105
121 37
117 56
125 26
16 112
87 5
31 122
86 8
3 129
106 116
36 71
117 84
21 28
35 78
129 68
23 35
74 101
69 27
19 60
108 62
53 81
91 18
47 76
83 33
68 69
104 97
129 51
72 15
28 99
78 27
19 98
56 42
104 65
33 17
21 69
123 66
6 64
52 20
13 95
100 82
101 72
50 96
85 110
95 4
77 44
66 73
89 45
13 46
5 60
76 10
31 4
36 47
110 119
58 106
73 67
47 21
95 70
97 67
94 57
86 78
21 7
48 21
40 120
25 118
94 40
96 87
53 6
51 71
47 83
97 85
72 23
54 103
31 57
63 40
41 20
24 114
75 71
39 79
43 84
117 25
59 53
103 33
94 78
109 18
62 13
27 15
1 90
6 29
102 76
49 77
3 48
89 46
119 127
122 110
122 28
49 28
7 24
41 61
37 51
75 8
72 130
76 125
126 112
107 28
48 102
103 102
49 44
123 84
42 129
91 82
122 4
130 99
81 88
96 119
55 20
81 68
7 98
11 26
27 80
43 86
12 114
86 91
15 65
128 6
11 20
32 116
85 35
60 100
1 74
106 93
105 52
121 58
57 98
89 81
78 17
69 126
13 113
30 26
64 31
22 34
12 92
107 79
64 8
34 66
97 2
8 16
22 105
9 15
30 55
118 18
64 38
27 43
99 87
100 95
128 104
92 129
126 17
46 63
75 115
52 67
80 116
101 23
37 115
84 111
19 91
53 118
124 80
107 39
42 114
25 1
18 98
93 121
56 5
41 63
116 106
29 104
56 100
108 24
17 14
101 87
27 129
89 35
77 32
85 52
2 41
100 1
90 126
75 18
70 125
62 96
6 29
54 3
49 70
130 62
5 90
7 74
92 118
123 97
121 20
88 66
24 40
97 73
123 57
39 11
87 109
83 36
126 32
60 73
24 51
85 63
118 53
120 107
48 100
128 35
63 68
101 11
43 68
4 104
110 23
88 116
128 71
2 4
17 114
86 84
80 99
36 19
73 33
63 35
44 59
4 106
61 102
69 42
20 7
22 124
98 2
15 40
85 47
112 84
59 8
50 93
118 34
78 50
6 72
40 105
75 83
5 10
70 124
51 58
76 38
64 60
39 56
113 91
123 67
47 48
10 103
87 127
114 71
80 3
55 22
109 12
108 111
9 32
117 34
65 36
122 93
26 74
71 29
94 129
54 46
8 19
79 122
79 69
16 56
17 30
90 87
108 107
82 83
106 115
60 39
110 18
10 94
9 77
20 34
38 91
109 76
119 98
95 6
47 1
29 61
42 17
86 115
88 126
15 45
21 69
42 5
121 26
58 24
31 130
78 79
23 82
25 124
76 113
96 31
13 68
15 11
114 64
107 98
46 99
64 108
22 19
14 53
53 97
104 112
94 37
61 80
59 130
56 8
81 129
128 28
66 29
27 110
78 18
70 102
64 123
73 101
20 5
98 106
95 23
49 99
86 29
88 60
25 38
119 70
81 101
25 94
29 35
92 18
14 60
50 67
33 58
120 67
22 60
12 105
9 3
92 80
14 22
127 90
45 20
53 79
94 109
41 106
123 97
28 15
6 116
73 81
59 103
103 4
19 33
78 87
37 93
72 74
36 59
88 63
47 86
23 123
128 104
26 61
127 101
30 39
99 46
31 16
72 121
84 32
106 93
124 96
44 62
92 52
18 96
68 30
43 7
57 108
85 61
55 34
11 104
121 74
48 65
130 86
10 122
27 77
128 90
6 112
107 63
50 82
9 48
91 76
128 96
80 108
4 117
31 105
42 129
55 40
88 111
79 83
8 35
21 6
85 1
80 118
100 103
59 15
32 110
114 8
69 120
129 32
120 94
75 98
89 52
55 63
10 58
7 68
49 65
17 66
104 85
98 108
118 72
126 37
117 2
13 4
16 15
115 26
5 45
83 53
52 67
62 125
90 62
51 31
20 127
111 129
84 3
7 28
124 79
122 76
93 126
23 16
19 77
39 68
117 54
61 70
111 116
114 35
91 46
66 78
113 50
71 105
56 25
2 54
24 26
116 118
124 28
68 113
122 81
101 99
99 123
62 113
119 59
32 25
48 54
105 46
28 84
116 93
46 52
111 69
113 107
7 74
9 121
59 91
9 116
111 14
68 54
128 103
67 28
49 29
104 15
33 55
91 56
98 85
81 129
17 108
52 24
60 41
66 114
50 63
35 90
47 114
104 80
41 35
120 67
49 94
15 75
12 102
117 88
75 27
73 101
33 38
73 40
74 79
5 36
121 29
108 20
61 103
84 45
13 108
21 106
13 89
55 34
42 31
126 11
49 1
37 105
39 51
124 89
58 24
45 120
105 30
47 8
58 73
53 101
85 119
32 121
17 125
97 68
54 1
110 19
62 82
17 25
52 109
64 129
16 22
42 43
44 75
59 81
103 10
69 65
71 86
96 72
58 9
86 92
77 34
71 92
126 18
119 95
36 112
89 126
32 74
70 51
76 115
116 33
24 39
102 63
76 46
85 25
19 128
99 6
100 1
12 23
2 11
12 55
102 50
83 21
72 23
104 117
130 10
51 87
3 60
11 10
114 91
61 110
3 90
44 84
82 107
48 22
15 29
86 76
117 78
21 34
22 90
65 96
23 14
70 87
129 118
39 57
4 44
112 127
43 127
13 127
26 48
66 8
31 5
125 35
44 128
94 87
107 85
55 67
13 99
3 8
74 88
16 122
81 35
28 54
53 17
23 68
39 84
42 129
115 25
10 105
35 97
82 59
44 65
116 88
32 52
41 72
59 101
19 123
84 109
30 11
86 73
79 23
10 110
120 91
99 105
13 61
48 11
55 57
19 43
47 22
107 19
42 98
52 43
46 97
54 78
22 60
92 18
29 95
123 113
26 30
32 121
3 88
3 76
51 72
126 115
69 28
118 71
41 86
29 63
102 69
1 78
123 83
95 16
6 27
108 4
107 112
106 103
68 110
13 95
99 117
91 50
106 42
72 63
51 71
14 30
85 22
39 34
71 93
48 56
87 80
12 7
21 113
60 124
111 58
91 101
100 16
108 25
49 109
98 127
29 36
40 48
111 93
70 105
130 92
76 90
15 65
53 56
9 67
5 56
79 10
75 89
75 106
45 60
129 37
127 27
92 11
66 21
50 21
52 96
77 80
104 41
44 12
14 31
85 38
111 80
14 114
128 7
4 2
82 101
114 51
112 108
65 55
78 64
37 6
119 94
114 97
49 34
33 112
113 63
46 20
62 43
24 50
17 5
119 77
76 9
2 126
67 54
75 86
46 84
121 96
93 9
28 102
34 107
15 60
77 81
82 65
31 27
124 56
6 121
38 19
123 116
8 23
128 35
113 61
65 91
81 22
106 72
120 18
84 104
48 16
83 43
85 58
73 3
40 104
7 90
1 68
102 74
99 53
32 54
12 112
23 122
94 17
26 30
66 53
110 118
106 38
98 71
62 63
14 105
92 34
49 109
13 52
124 75
68 60
119 23
31 112
117 96
13 48
57 118
127 44
20 22
2 27
76 85
119 103
17 86
29 58
8 90
9 89
74 25
37 46
103 4
88 95
18 6
36 130
39 121
117 95
6 115
95 7
38 37
91 59
126 127
16 129
126 89
67 14
35 58
65 100
3 79
110 116
62 101
71 35
92 51
19 59
110 36
18 69
70 33
26 69
15 112
54 108
47 96
106 8
123 130
108 28
96 111
114 122
9 44
45 59
3 117
22 75
68 83
102 31
97 99
90 48
67 105
51 87
5 60
24 70
28 124
20 77
84 42
24 79
16 92
49 71
107 87
13 125
14 108
113 21
17 4
19 28
2 25
64 75
63 11
41 97
53 63
98 61
85 122
15 69
83 80
119 30
84 4
55 26
39 115
50 91
30 62
33 79
109 21
10 103
54 93
99 41
118 104
78 7
126 37
128 83
44 70
42 9
60 48
79 127
124 89
92 56
93 111
107 90
91 106
63 70
61 12
59 24
10 85
73 88
90 19
79 62
110 75
65 18
32 58
14 7
4 38
101 114
68 128
5 108
87 49
39 31
109 60
64 45
63 43
120 9
42 111
99 13
85 50
16 125
120 8
94 62
86 104
33 26
124 38
35 43
88 57
110 84
89 77
24 95
47 88
12 53
11 56
48 6
118 45
53 49
120 54
67 98
6 76
13 17
73 30
85 107
87 101
104 20
70 23
86 43
78 57
57 45
123 18
40 127
41 81
69 40
2 28
103 123
82 74
35 122
122 113
79 69
95 59
121 59
10 71
34 46
62 107
92 11
115 82
27 41
116 119
90 118
114 61
118 38
76 31
77 4
16 7
126 20
66 84
105 27
44 128
98 22
102 28
25 81
50 27
75 66
16 20
121 13
58 28
12 111
19 121
97 91
9 73
74 129
96 18
60 55
34 26
123 86
72 10
80 58
119 39
34 30
117 55
80 36
75 80
35 113
15 7
104 112
3 44
55 21
98 8
129 2
56 8
64 100
116 48
32 78
115 2
42 117
117 52
30 91
1 50
5 32
105 25
64 29
26 37
130 19
63 78
51 5
56 79
93 5
83 8
92 88
9 24
9 102
20 17
96 103
48 21
18 32
26 44
101 114
60 91
97 12
124 48
77 63
86 35
59 29
61 15
18 41
70 11
29 67
50 89
85 103
30 100
107 95
2 52
126 121
82 65
67 42
125 127
69 120
74 57
9 90
64 3
89 45
107 39
29 79
38 71
121 90
31 14
72 74
107 96
68 2
39 68
68 19
76 10
51 97
33 76
62 53
128 110
11 10
110 27
60 97
115 14
72 43
128 45
28 51
123 47
77 59
98 100
16 115
118 112
37 46
113 102
58 79
108 41
114 69
114 111
115 6
116 65
38 96
109 6
40 3
99 54
75 62
37 17
112 75
113 129
81 84
47 23
4 121
113 19
130 124
34 69
58 104
26 32
87 105
59 127
18 44
130 21
2 51
13 87
81 43
117 8
93 108
40 15
125 72
62 15
22 77
53 78
112 13
35 60
80 14
36 110
106 37
34 94
66 75
24 55
61 64
34 39
24 1
99 46
71 92
89 25
17 7
128 119
5 73
30 58
76 5
74 8
85 88
123 13
53 46
6 119
102 127
65 45
126 4
108 19
122 93
84 43
91 86
33 70
41 124
105 23
125 99
49 67
119 90
104 98
70 65
73 97
112 55
125 85
48 33
104 32
25 120
115 52
92 114
45 69
24 103
65 38
51 8
114 19
41 21
84 31
83 47
107 10
29 92
66 110
43 75
3 90
1 48
27 36
96 94
90 105
77 13
17 120
16 53
119 56
122 33
59 45
37 89
51 105
21 72
116 96
45 57
16 115
2 54
9 118
88 3
58 115
58 108
46 49
39 6
3 34
17 117
76 129
31 18
23 35
103 84
29 84
21 112
30 87
81 113
47 74
22 123
22 86
126 83
58 15
93 56
13 91
99 110
82 120
40 104
47 106
30 82
59 96
68 117
98 4
26 6
74 108
124 13
35 26
24 102
109 81
22 71
112 91
91 62
98 15
64 20
95 35
97 4
105 127
59 64
12 72
85 75
46 7
125 130
36 121
14 95
26 9
2 107
67 52
70 83
78 61
74 50
66 79
101 68
124 100
128 53
61 102
8 127
130 2
101 25
80 124
33 28
70 121
72 53
82 16
5 63
19 29
121 37
52 81
90 28
95 15
5 28
38 49
11 5
4 60
50 64
6 44
97 93
113 109
104 42
93 119
79 76
50 110
78 103
31 98
123 111
108 48
43 54
27 89
123 42
65 7
30 42
107 9
129 66
101 6
29 62
83 28
27 33
130 36
121 43
44 76
16 118
100 37
25 45
59 119
32 108
69 79
24 103
67 114
72 58
57 116
27 129
130 120
47 115
89 128
49 122
103 18
42 28
5 91
66 119
127 106
108 88
23 57
112 30
17 63
70 75
14 4
97 80
73 61
87 130
75 41
38 48
1 81
75 51
64 22
54 13
8 7
12 115
43 26
22 11
113 116
55 111
98 36
74 30
94 83
33 129
48 39
91 50
22 16
86 119
52 110
53 93
21 31
67 44
37 6
82 63
95 96
48 13
17 124
127 79
53 89
67 35
101 108
84 39
7 56
9 4
80 98
64 3
43 64
58 15
65 14
120 128
17 10
50 31
92 56
66 124
63 16
7 120
18 60
123 86
68 81
94 24
104 102
20 125
96 62
110 31
42 112
62 2
70 88
111 20
80 49
65 98
21 52
78 109
105 104
59 13
66 29
117 109
103 59
104 82
56 81
94 85
109 91
2 95
125 55
34 88
4 46
87 33
93 40
118 50
29 107
45 113
65 124
69 19
73 20
118 45
123 72
86 15
14 70
73 49
106 79
87 69
126 18
40 128
24 115
77 36
39 99
44 82
83 90
113 71
32 100
71 23
74 90
91 32
103 119
40 17
119 95
90 87
125 60
19 56
59 15
84 19
53 74
68 59
88 94
108 24
46 77
7 45
36 106
62 89
94 82
47 109
67 128
69 31
42 44
101 16
114 56
127 71
130 66
118 31
12 70
8 129
12 22
48 82
113 57
41 39
46 102
83 27
23 5
51 1
19 71
73 88
87 86
49 61
44 95
33 72
50 58
109 115
5 122
114 17
80 66
9 100
110 64
49 95
117 100
91 80
37 11
123 4
61 42
73 3
126 124
109 36
40 72
54 36
69 74
29 26
2 28
9 117
114 28
74 97
120 35
101 48
21 106
126 96
30 130
89 68
119 29
112 122
126 13
37 102
82 59
129 90
31 43
80 65
97 116
110 123
89 85
13 76
8 1
34 15
64 48
25 38
75 83
97 101
71 29
69 81
91 1
123 18
98 18
76 110
79 38
23 83
39 100
104 23
25 53
77 11
67 121
62 111
57 60
120 8
93 90
129 6
60 45
11 3
18 14
45 5
65 30
108 68
86 93
15 78
125 113
70 92
121 52
52 63
106 64
120 50
33 2
62 56
55 128
55 10
25 79
20 73
88 70
3 99
50 94
107 76
98 14
105 12
53 128
10 63
108 122
39 13
2 23
109 45
43 55
108 82
95 94
71 35
65 89
6 15
129 50
17 57
29 21
92 127
40 90
110 27
94 51
19 59
114 86
124 58
121 36
110 11
109 66
54 1
120 81
119 128
80 85
96 99
105 24
75 109
74 106
41 100
27 11
93 126
116 105
88 87
73 34
115 49
15 60
56 114
32 31
1 119
104 39
63 65
86 78
15 97
5 69
43 40
36 56
118 45
14 126
67 59
64 87
54 80
38 32
107 60
24 74
1 102
124 111
114 84
103 80
13 79
50 72
44 17
13 42
96 48
99 3
36 43
67 19
98 10
50 69
99 117
18 118
26 34
7 6
13 45
51 125
89 23
117 30
71 37
68 117
124 90
94 17
58 52
86 101
70 123
123 3
8 38
28 93
87 47
91 126
90 24
22 2
41 35
76 68
89 22
96 52
8 72
37 33
115 112
20 25
93 27
61 52
12 30
46 16
111 113
14 25
53 83
111 29
65 62
62 58
112 101
56 34
10 4
25 72
40 14
62 118
105 39
47 83
92 70
51 60
9 129
76 12
49 46
122 16
122 101
98 54
83 108
116 81
102 128
10 130
100 33
29 98
33 116
127 3
74 59
108 77
6 39
5 9
8 31
81 47
120 71
33 62
20 55
64 92
61 91
60 25
14 70
30 51
67 99
115 55
3 82
32 29
9 116
51 105
20 36
34 63
44 119
128 9
69 15
34 121
103 16
130 60
24 31
106 69
23 1
43 112
73 19
81 24
125 73
35 59
91 21
122 3
13 12
26 123
120 39
117 68
98 106
101 110
120 85
98 93
7 127
5 126
119 126
8 47
46 38
78 124
42 37
18 111
101 44
63 70
119 67
81 31
112 74
40 125
60 109
96 49
50 35
65 72
52 44
72 97
46 57
30 105
94 75
41 88
38 95
86 53
128 11
94 64
86 47
114 113
106 18
94 39
41 79
48 33
64 103
112 83
53 116
129 87
52 113
54 109
54 19
12 109
40 73
43 1
87 6
12 99
29 118
54 36
37 45
76 114
82 84
67 129
18 48
27 49
97 59
3 104
2 48
69 37
23 58
13 17
43 78
14 8
127 96
29 123
21 108
89 126
22 102
130 28
35 107
111 19
41 98
65 97
7 100
104 122
10 55
39 13
6 129
1 4
56 90
91 30
24 22
78 77
59 20
113 76
66 46
121 27
11 100
103 80
52 38
68 26
101 70
56 21
22 33
117 26
56 99
111 82
130 123
23 36
107 50
74 80
110 14
33 27
45 87
86 128
92 107
46 61
19 57
106 125
22 85
55 31
30 18
116 98
85 5
59 75
63 57
1 62
99 67
51 41
37 88
15 25
123 75
16 83
120 95
35 121
61 93
44 126
53 8
26 117
48 90
42 98
129 70
15 129
117 17
109 52
94 9
70 3
13 124
31 62
124 54
43 127
100 39
48 4
83 96
64 58
31 73
65 66
65 77
8 86
111 34
93 91
6 66
9 116
63 4
117 128
42 7
22 9
87 80
29 40
79 3
10 55
129 25
104 67
122 125
1 56
63 87
72 113
82 67
36 97
71 3
103 22
8 77
85 1
39 64
102 76
37 78
38 110
92 64
38 69
107 12
6 44
18 91
13 120
39 112
65 94
18 6
59 29
113 35
128 37
78 101
95 43
95 125
100 89
32 21
76 114
60 2
116 115
5 111
82 44
119 109
108 36
118 4
98 7
71 43
50 70
106 84
75 121
107 60
55 24
11 14
27 80
34 108
23 54
83 121
81 100
69 33
105 92
27 11
66 113
41 96
76 86
16 51
20 21
60 103
94 68
97 5
35 130
77 49
47 103
68 48
40 123
21 82
23 120
109 62
57 28
122 84
101 88
46 91
68 71
127 11
35 39
57 49
10 84
23 5
27 96
28 84
22 7
79 128
60 52
122 58
111 59
95 56
79 110
66 80
7 129
126 117
63 24
123 15
64 83
96 67
85 91
29 65
44 54
43 38
37 77
62 106
41 74
108 116
73 20
118 107
76 98
32 130
59 11
60 33
47 109
109 12
34 75
74 114
38 125
73 126
68 118
20 41
33 86
125 43
103 64
107 112
18 4
86 15
29 121
69 30
91 48
42 71
93 70
2 54
56 37
70 124
21 18
35 92
64 47
102 61
123 89
1 27
124 97
90 80
92 19
11 111
105 6
39 9
12 17
3 108
120 109
67 1
14 56
32 29
80 32
53 98
21 26
120 90
16 69
28 25
91 127
63 82
115 95
102 75
125 127
12 7
15 3
95 45
120 52
110 36
81 9
122 86
117 20
100 22
50 129
28 75
97 78
60 84
37 46
88 72
3 74
4 44
55 5
87 26
57 77
48 110
16 102
26 71
52 45
96 106
124 98
48 71
50 100
119 51
45 85
97 47
9 79
49 46
31 122
123 13
66 119
66 99
90 94
101 2
81 19
40 118
108 8
88 25
63 25
6 51
61 30
119 105
21 101
70 113
104 41
85 106
5 88
33 107
56 64
69 110
86 14
30 40
99 121
5 27
21 93
58 105
25 92
47 60
81 1
37 42
28 130
5 107
106 68
7 111
74 7
37 23
122 71
85 80
84 39
107 54
90 31
66 83
42 11
120 122
106 124
36 59
54 105
124 52
81 78
98 94
125 73
76 113
34 33
84 57
93 101
105 72
22 67
19 96
46 70
98 3
96 44
112 39
35 90
103 122
13 40
2 114
119 43
36 13
123 62
44 101
77 52
82 130
17 57
21 99
48 49
102 40
88 56
1 97
80 9
75 70
26 124
37 56
100 91
10 85
95 59
18 123
103 77
87 13
6 61
90 123
57 50
89 61
55 100
63 39
74 15
76 42
44 121
112 7
114 55
106 109
32 70
8 38
74 55
103 88
110 45
20 29
73 53
2 38
12 14
112 16
125 119
128 4
96 16
24 66
48 117
65 41
83 73
97 129
108 60
4 58
72 66
118 29
47 110
17 86
107 75
63 94
59 115
27 65
43 53
104 33
5 51
17 12
61 47
79 54
31 92
117 49
79 116
58 52
33 129
60 75
41 22
9 10
113 11
92 9
29 77
34 4
78 129
130 88
31 79
67 27
127 16
3 94
84 72
63 48
8 91
126 83
34 36
94 26
45 100
30 82
29 113
30 90
120 33
72 89
42 32
12 76
32 35
54 126
4 26
13 35
50 101
125 47
43 82
84 63
54 121
51 77
80 47
126 98
70 87
93 20
24 117
54 87
114 69
107 98
74 28
9 74
31 124
52 55
2 59
60 119
59 18
24 50
73 127
44 110
5 39
46 90
75 16
39 69
34 83
30 15
124 71
7 128
81 14
95 71
55 56
47 73
33 118
121 25
93 9
112 62
66 104
115 2
25 105
20 13
28 58
84 123
86 10
12 104
70 21
107 21
65 73
95 31
129 36
114 5
56 11
100 15
37 64
66 22
72 103
127 65
34 62
37 53
17 122
60 43
45 88
109 43
12 85
2 91
109 119
111 25
83 79
26 111
85 91
117 72
118 42
128 96
41 17
118 68
77 10
14 92
85 116
86 16
99 130
33 71
61 125
14 111
59 20
19 28
102 9
48 99
108 110
129 13
108 57
23 45
74 37
40 104
8 15
96 123
113 100
78 82
27 58
79 112
5 24
113 3
67 66
46 35
125 42
117 108
63 112
6 94
120 49
46 110
51 93
41 120
63 56
58 106
1 91
48 129
130 48
122 49
90 55
75 51
121 97
94 32
84 7
38 50
87 95
48 117
74 62
77 119
13 112
62 50
32 95
101 82
39 53
94 46
79 22
32 35
58 21
65 44
104 20
17 52
117 74
25 97
81 122
4 103
58 4
70 47
9 77
93 21
128 11
33 80
16 41
36 111
57 113
50 116
110 94
59 66
86 104
103 100
35 8
114 118
7 128
62 47
45 57
42 115
63 79
116 72
64 2
33 5
103 6
98 53
90 108
1 90
36 58
92 120
106 5
73 71
61 30
2 29
78 75
1 73
94 78
18 9
53 88
106 19
10 127
18 5
72 34
23 84
91 76
105 8
120 108
81 49
97 47
23 14
129 80
81 102
126 27
2 112
60 37
114 72
26 52
107 90
44 24
79 108
6 54
99 100
121 77
19 129
59 42
21 28
126 30
12 112
74 51
10 40
4 86
69 91
9 98
91 97
116 26
31 20
37 124
36 96
104 109
120 23
123 26
13 89
122 92
82 55
66 43
1 40
51 78
130 127
101 49
13 92
38 101
102 109
35 125
85 113
30 113
87 125
15 54
16 111
100 24
102 117
96 41
52 67
38 55
43 115
6 15
118 34
109 98
45 85
20 126
18 56
3 86
37 93
68 49
65 24
51 128
8 50
130 71
122 115
83 93
122 29
63 98
127 106
8 45
16 3
124 51
111 95
3 65
110 24
25 49
67 4
11 102
69 46
14 61
34 14
65 99
86 9
92 86
17 125
84 79
27 128
60 1
75 7
38 5
98 47
91 81
122 94
11 32
31 40
7 119
117 97
95 2
62 35
126 121
4 20
2 47
12 57
22 103
55 126
10 115
39 81
49 92
73 71
78 46
120 66
96 73
9 101
23 115
85 110
119 109
21 13
67 88
117 106
62 124
70 58
79 24
49 8
67 85
126 68
130 125
107 118
108 60
114 87
27 80
53 18
5 95
71 51
45 73
93 104
112 130
121 4
54 33
114 107
105 68
43 110
5 72
76 24
28 64
46 108
93 58
78 50
15 30
10 89
69 1
22 82
53 93
71 35
116 52
52 28
112 26
116 94
27 12
85 92
48 38
75 109
65 59
23 97
121 58
77 102
42 98
19 127
40 91
34 91
9 47
18 104
36 26
89 106
26 30
40 44
52 88
36 17
120 14
50 30
75 8
56 33
86 34
74 28
120 50
105 55
12 99
113 118
99 2
77 122
123 88
81 90
6 3
129 79
103 82
94 83
13 76
37 76
45 41
116 127
77 107
13 33
87 113
100 78
82 38
32 102
48 101
39 106
20 36
64 50
66 107
119 25
120 27
69 124
128 67
113 114
71 123
101 74
8 65
91 21
69 36
102 129
72 108
115 112
117 74
48 18
73 60
33 115
73 106
81 29
40 108
87 61
69 46
39 85
24 54
21 54
26 126
58 57
1 55
41 4
28 14
24 61
38 71
121 109
49 84
55 123
63 81
17 96
79 47
40 97
14 77
105 55
56 18
98 89
100 40
86 23
11 102
72 116
105 74
72 93
103 62
123 43
34 42
127 65
76 77
79 27
46 97
122 22
114 82
49 117
34 45
24 78
28 80
67 7
107 128
16 64
43 10
114 52
111 41
66 7
32 113
70 35
16 109
2 22
94 105
112 3
13 51
120 51
42 45
86 61
83 13
125 103
92 115
85 60
111 25
37 129
43 19
96 121
54 68
15 86
109 50
44 111
73 49
58 87
17 31
68 29
51 48
87 84
90 35
88 97
130 120
96 1
58 5
108 101
41 93
91 63
14 76
6 25
53 113
75 119
102 22
45 80
98 95
99 53
124 20
30 95
71 65
33 117
46 9
27 125
84 129
35 26
30 4
104 18
89 4
28 93
26 121
110 13
17 128
33 59
118 119
1 53
80 12
47 62
3 92
117 57
67 113
110 75
50 14
94 44
41 58
22 64
64 123
106 105
62 84
103 71
18 81
52 53
36 3
32 121
121 100
74 5
12 17
89 87
115 38
104 75
6 114
35 93
103 68
47 72
107 90
118 10
129 93
108 80
41 80
128 60
24 19
1 96
43 4
124 26
77 50
42 67
56 105
48 9
111 98
53 91
32 26
111 27
1 30
77 118
10 46
24 98
29 35
98 108
110 16
97 87
127 52
66 40
7 117
99 34
96 14
13 45
83 13
85 100
3 95
16 90
72 81
127 40
80 33
11 1
23 130
115 20
99 4
115 72
102 21
126 101
101 124
62 21
44 83
78 77
94 71
18 2
120 87
8 50
42 130
52 71
6 70
92 100
61 5
36 95
122 90
53 5
32 86
79 118
108 105
55 19
28 17
76 45
82 20
33 25
109 82
63 104
28 129
67 129
73 97
47 42
49 124
125 62
65 26
128 114
39 33
60 70
123 68
94 81
116 18
69 20
34 8
19 84
75 127
12 29
39 51
104 37
125 48
40 54
59 39
16 15
44 121
112 47
88 130
84 119
96 68
76 31
14 117
46 79
24 103
97 110
41 114
22 123
9 102
83 31
109 69
8 43
126 49
3 111
111 40
59 36
124 10
21 125
33 15
107 90
31 35
115 20
72 26
50 120
50 17
1 130
52 117
15 54
102 114
4 88
71 60
32 99
95 78
85 42
38 91
68 5
48 130
109 99
19 82
98 17
78 17
23 62
46 106
122 7
119 38
3 105
123 82
91 25
75 93
9 42
11 76
58 94
49 67
72 55
55 43
30 102
78 38
74 125
69 75
88 89
99 10
94 51
105 117
105 6
69 53
57 31
44 73
106 80
14 11
98 86
2 89
49 86
47 65
12 98
111 58
66 39
120 77
113 34
65 51
73 129
93 74
60 70
56 35
39 100
118 15
8 24
44 32
84 97
32 13
81 88
63 90
9 25
3 8
50 77
72 29
80 87
12 67
81 79
101 24
37 36
104 14
47 58
108 118
6 60
74 122
127 48
112 35
116 45
24 28
30 115
92 97
83 113
18 92
27 87
11 20
85 110
53 7
34 42
96 117
20 111
18 84
81 36
59 37
52 2
25 5
62 128
64 89
82 8
70 10
80 103
48 57
107 30
97 70
85 29
46 103
31 126
6 34
66 113
26 43
5 121
3 14
87 29
115 41
13 129
2 57
62 52
61 130
114 63
22 9
91 125
118 39
116 66
16 116
71 95
82 29
66 121
112 99
130 126
61 24
97 4
73 30
22 98
109 35
44 36
21 101
69 109
91 38
68 47
106 86
17 32
30 32
13 62
53 15
6 24
42 74
20 62
23 106
64 101
78 129
81 34
116 8
32 64
21 6
114 36
127 31
46 44
117 116
91 49
43 36
70 59
9 102
39 95
39 6
73 129
67 72
69 70
61 56
122 75
77 90
48 61
58 102
52 64
16 7
130 26
38 123
10 33
77 12
46 98
9 97
110 18
91 125
67 7
50 9
112 120
40 119
53 62
92 63
19 4
113 110
107 14
93 117
40 116
73 110
88 23
119 65
95 122
60 8
126 98
126 79
87 46
124 70
30 89
44 101
104 60
59 35
8 16
124 28
1 75
38 84
79 108
83 114
33 118
105 13
14 76
124 114
27 82
13 122
66 111
10 118
56 25
121 94
117 11
100 12
128 5
119 47
42 78
90 53
81 93
40 21
97 63
31 112
47 37
3 50
125 14
4 24
75 80
74 129
89 2
37 68
63 45
96 93
54 92
88 86
56 10
16 5
79 103
23 87
72 128
81 66
28 29
58 3
54 45
57 89
100 55
130 41
115 28
15 55
85 39
115 27
125 60
51 87
121 31
106 126
73 79
31 65
124 86
118 128
2 71
106 36
62 128
15 26
19 54
25 41
109 107
68 122
85 54
128 66
116 59
102 75
112 56
65 58
121 24
40 28
66 43
7 56
21 130
31 23
5 100
91 23
82 20
58 42
103 16
105 99
32 29
99 119
98 60
94 84
4 7
84 37
22 111
27 35
53 100
48 64
52 87
95 4
50 125
29 102
46 63
63 92
90 112
11 39
20 8
52 9
71 53
10 121
117 8
81 42
70 69
116 77
30 110
75 108
120 78
126 103
35 46
61 44
86 51
66 3
130 44
64 52
26 70
57 46
72 21
64 123
51 117
26 96
102 118
11 17
114 22
35 48
31 100
76 67
104 94
11 34
115 59
110 78
27 12
18 82
73 68
55 93
111 80
22 27
80 34
54 12
30 101
1 32
117 74
43 88
61 72
83 76
84 6
98 13
94 70
125 120
97 92
49 53
80 86
43 113
101 50
105 127
57 97
12 103
65 98
45 42
47 55
85 19
91 127
126 36
95 90
122 40
77 115
93 76
129 73
56 55
118 104
89 124
48 33
28 68
129 38
75 61
124 104
77 29
14 71
23 51
41 129
121 32
41 111
109 50
58 109
8 18
93 34
119 91
92 97
89 48
7 51
80 20
41 48
46 119
28 59
124 116
2 78
53 122
88 44
101 20
25 60
100 58
97 50
50 40
113 12
121 110
18 8
65 26
10 31
47 73
115 87
30 25
68 49
111 12
118 77
127 37
94 59
113 92
79 126
77 33
5 26
49 32
129 64
11 85
20 43
44 12
58 14
77 103
115 125
119 54
88 119
110 108
114 129
82 106
89 63
87 100
62 112
69 28
71 113
95 120
16 51
96 6
101 57
126 1
24 86
27 29
128 10
84 30
104 120
15 98
121 72
53 67
9 25
97 40
56 78
11 32
70 88
95 65
107 24
31 13
96 62
3 39
13 41
85 108
14 95
52 69
15 85
3 42
109 124
26 107
52 94
45 35
79 11
17 33
4 38
126 10
83 120
90 125
74 21
102 76
34 53
92 99
8 66
42 127
61 86
71 60
55 65
75 105
102 7
124 44
106 56
75 7
63 117
36 24
13 122
52 27
47 39
64 19
45 57
123 104
64 81
72 98
41 21
35 101
129 79
66 91
2 82
46 54
130 60
4 104
80 62
93 96
102 21
122 107
30 23
18 75
39 37
27 4
33 48
89 22
68 32
80 86
51 47
71 31
2 63
91 18
14 90
103 91
88 124
46 86
98 48
50 81
49 3
47 85
106 16
59 44
94 24
45 40
109 65
15 66
16 124
125 90
27 23
108 33
36 3
57 33
126 82
2 30
129 19
37 80
95 3
70 53
113 37
15 41
58 41
37 34
68 52
59 101
71 119
68 20
64 39
9 101
107 110
129 16
80 13
122 4
9 7
103 48
22 77
116 25
122 81
95 92
89 115
119 33
1 125
58 108
102 74
112 109
96 45
126 42
87 6
115 60
71 11
5 111
98 51
61 99
109 87
52 127
61 107
65 35
15 122
128 79
75 60
130 63
21 9
80 41
99 87
97 31
72 75
102 110
76 89
73 52
86 21
123 44
5 48
69 92
38 114
123 7
124 91
60 64
12 20
8 108
77 27
107 21
23 74
27 84
116 35
99 43
90 1
110 63
121 61
73 17
82 55
94 74
34 93
35 32
28 5
29 42
86 128
34 104
26 83
75 94
38 119
125 63
55 49
105 62
19 106
4 96
65 54
81 83
10 26
23 91
30 79
10 50
67 89
120 31
128 31
71 73
85 53
64 118
36 69
78 98
40 4
77 49
56 79
38 117
58 102
104 93
105 127
103 100
55 29
116 18
47 115
14 30
12 62
70 47
114 92
37 32
119 42
20 58
82 119
115 26
11 58
103 74
26 70
111 124
72 9
32 63
115 24
107 24
73 92
122 93
1 97
53 93
84 104
11 69
90 126
91 33
101 41
19 57
35 3
17 77
30 87
57 40
89 88
90 83
86 43
42 129
13 40
52 114
15 123
117 82
102 76
36 100
65 98
18 80
68 48
43 67
17 100
49 75
113 86
116 15
106 12
80 85
128 34
29 72
21 30
58 103
81 66
35 10
14 29
44 54
96 33
15 48
93 60
34 127
59 6
108 125
124 39
118 87
49 97
5 68
41 19
95 78
85 50
54 70
8 62
99 87
122 83
121 43
23 107
52 127
89 121
25 48
40 66
51 7
14 9
112 28
16 75
127 128
27 46
85 61
54 46
47 53
121 88
11 110
1 84
47 98
51 45
84 52
113 23
125 22
6 30
65 53
71 83
56 91
68 33
3 114
31 108
13 46
90 70
112 42
119 80
120 69
38 125
115 5
104 16
6 107
7 64
101 81
105 130
5 112
106 26
69 78
24 130
56 64
92 130
74 37
23 76
63 103
56 45
8 76
86 124
50 36
8 109
91 4
14 82
109 62
50 77
113 94
78 13
108 122
2 35
79 3
55 106
7 47
68 61
90 36
111 77
33 115
39 107
40 56
26 70
31 13
1 48
85 130
45 28
43 5
78 26
46 28
113 69
78 27
128 66
86 30
70 57
129 95
110 49
5 62
3 21
82 62
100 45
48 121
76 93
96 59
104 58
20 34
12 1
87 22
91 34
75 28
18 52
105 49
128 38
1 99
90 54
21 43
39 44
31 9
14 118
30 109
83 26
87 86
73 66
8 37
36 20
86 58
89 79
63 69
27 67
101 34
2 109
63 13
96 106
14 119
81 70
92 48
60 15
97 126
17 12
61 65
116 91
10 6
16 80
29 119
47 74
99 59
69 103
114 105
122 27
87 94
123 130
8 98
16 42
19 106
65 68
106 117
93 127
36 51
88 23
53 31
71 99
3 40
84 43
3 125
66 89
80 55
84 35
63 45
35 82
20 50
114 110
42 6
59 15
112 88
65 109
102 77
25 123
41 127
126 107
32 24
73 110
124 12
75 22
4 30
115 21
44 32
55 6
75 96
95 111
39 127
29 118
94 120
93 74
38 79
52 64
74 88
94 47
13 14
58 73
15 11
72 85
125 123
125 22
90 40
108 19
115 78
129 102
19 10
130 72
60 18
60 64
24 97
10 95
8 91
7 130
63 70
65 110
4 38
52 38
45 80
115 46
80 41
111 21
23 129
104 93
124 47
124 87
80 14
43 30
64 124
111 87
118 1
15 88
126 68
15 3
75 113
19 97
21 4
84 69
26 97
30 106
54 13
106 44
117 127
25 126
64 3
71 44
32 128
110 109
78 65
77 76
99 86
58 85
14 31
64 103
114 62
37 108
37 34
2 95
109 22
54 118
33 110
14 112
107 51
71 11
91 96
127 49
36 102
8 24
111 6
72 92
20 71
12 35
78 74
128 2
42 117
108 72
46 83
122 21
128 66
25 53
24 122
127 100
35 28
94 25
41 117
76 44
1 41
97 66
12 82
16 69
22 53
8 56
6 27
38 61
36 107
75 16
34 92
99 18
98 63
58 93
48 90
35 125
55 109
43 106
8 10
40 18
23 17
70 98
57 65
95 91
67 28
39 81
115 2
87 12
51 73
130 50
75 120
125 67
58 122
16 63
53 24
13 118
99 105
107 114
23 61
89 94
5 34
88 103
93 119
5 55
36 19
18 104
48 121
73 39
68 89
57 74
19 59
79 5
76 22
81 62
29 55
119 66
61 116
119 69
101 29
112 60
104 130
4 1
123 6
83 96
112 48
9 29
126 102
89 4
111 118
57 119
103 98
115 34
18 110
107 69
41 124
93 108
95 123
67 16
80 83
97 23
39 32
6 97
12 64
26 46
119 33
120 85
44 92
113 79
13 37
49 95
64 126
80 48
11 72
82 119
121 99
47 58
46 48
10 89
42 40
41 51
100 88
34 13
93 2
57 77
37 75
38 122
67 1
24 14
72 39
16 97
10 4
63 99
86 116
65 107
9 85
101 32
72 74
50 49
115 29
115 83
2 19
15 28
107 22
37 71
7 19
104 38
120 81
55 7
50 12
109 106
8 15
25 96
58 42
64 34
51 95
66 3
75 43
105 117
52 123
83 20
106 79
59 40
16 68
61 70
11 76
53 27
103 2
57 24
60 80
15 31
59 128
8 32
61 5
3 13
35 59
125 103
67 50
36 96
105 93
77 39
122 120
8 130
87 112
99 12
26 60
86 22
113 105
44 74
88 73
40 85
129 19
66 53
87 121
7 94
77 89
45 52
54 109
43 71
24 126
14 98
70 21
110 90
44 56
17 49
45 124
117 78
114 58
3 27
116 118
11 91
104 81
42 14
74 88
84 79
121 30
116 111
78 25
21 5
113 127
117 36
98 86
22 62
106 90
18 54
87 5
