10 40 42
22 30
26 5
25 23
15 38
5 20
6 16
1 6
37 2
35 30
3 5
28 35
29 15
34 39
35 9
12 40
40 19
27 33
11 8
16 1
25 38
34 15
13 24
28 26
38 14
2 18
10 40
36 9
9 25
11 17
17 31
7 27
21 34
4 39
23 1
31 13
12 2
24 8
30 13
28 32
21 4
12 26
23 27
11 2
39 28
15 31
30 40
20 5
18 32
2 36
4 14
11 1
17 35
8 14
38 25
2 29
7 16
27 7
39 27
10 34
18 11
18 9
13 26
9 15
22 19
20 3
33 5
15 12
38 24
32 17
30 33
25 9
23 26
21 22
38 5
31 10
26 27
6 17
31 34
25 7
13 4
3 40
32 22
13 8
39 37
3 9
6 2
30 24
19 4
20 3
9 8
23 8
12 24
19 32
34 33
14 15
7 35
7 39
14 25
29 12
36 40
7 11
32 28
1 40
27 30
32 4
29 31
34 17
37 35
1 36
28 9
34 28
20 36
25 27
13 10
15 8
3 2
25 31
37 16
23 26
20 38
37 15
13 35
18 23
14 21
22 2
5 13
13 28
20 8
39 28
1 17
29 23
30 36
9 10
5 2
17 20
16 6
33 6
22 8
24 21
8 13
32 15
30 12
26 25
38 31
12 19
9 14
4 29
29 37
39 12
18 7
15 7
38 35
26 13
20 21
14 10
27 19
39 4
11 17
34 21
4 5
28 6
35 32
26 31
9 30
3 2
18 31
5 3
40 19
9 15
19 6
28 4
6 17
27 13
37 1
2 9
22 23
19 3
16 26
27 38
3 18
34 17
39 10
24 20
26 7
31 30
22 3
28 33
27 26
14 20
17 38
18 25
35 1
5 22
40 29
4 33
30 39
19 12
8 31
10 40
37 9
32 14
28 34
32 24
21 1
8 6
38 37
11 34
18 24
31 29
36 8
32 40
20 26
30 24
8 1
27 1
21 39
31 40
10 11
38 8
31 5
7 16
14 28
21 17
16 13
17 22
33 6
25 33
14 13
16 21
39 15
29 25
34 13
36 11
30 37
14 36
17 23
34 27
32 5
7 12
4 29
32 33
20 7
9 18
20 3
2 39
36 10
37 38
24 1
34 29
19 18
35 27
25 18
23 27
39 16
8 40
8 20
12 11
22 29
15 4
39 29
22 25
33 16
26 31
38 34
35 36
1 14
5 24
17 24
27 36
1 10
37 9
32 39
21 8
16 26
9 30
11 19
1 13
31 28
35 38
20 17
15 13
28 26
38 9
2 23
7 15
6 40
34 18
11 22
21 5
29 13
36 2
34 32
40 32
3 35
10 18
36 16
23 25
23 35
19 10
40 8
32 27
9 12
10 8
14 23
17 28
3 37
9 39
5 24
21 38
28 30
39 16
40 1
3 21
20 32
31 12
13 7
38 13
7 4
29 35
26 16
11 22
32 22
8 11
15 29
19 35
28 22
37 4
24 17
19 2
34 40
5 17
31 9
11 39
18 33
38 18
29 6
15 35
35 29
13 8
39 5
21 7
11 24
8 33
26 20
25 7
28 40
4 17
35 31
10 33
32 34
19 2
29 16
38 31
11 30
3 33
2 20
29 20
27 12
36 18
32 23
21 5
18 14
1 40
17 18
16 40
37 39
32 2
27 26
6 4
3 13
11 17
9 31
37 25
26 4
10 16
10 37
23 34
27 22
20 32
36 21
30 25
29 19
2 13
20 7
5 26
17 9
39 28
26 9
34 31
8 13
6 30
25 1
7 27
4 33
32 23
14 29
18 21
18 29
5 24
12 37
35 13
3 7
28 6
33 15
32 11
8 16
10 31
4 15
2 25
37 18
15 6
28 40
38 2
14 20
16 35
22 17
30 21
22 24
37 26
14 31
