20 80 83
66 5
48 41
52 76
68 64
18 15
67 31
28 19
18 16
20 39
68 24
74 20
71 26
59 45
57 38
58 50
72 46
18 10
27 28
33 75
31 17
3 70
19 30
29 36
53 54
61 64
47 4
17 75
72 32
10 21
11 14
12 5
4 50
72 48
41 38
52 7
46 25
63 41
51 28
9 54
76 74
59 37
12 60
34 36
13 30
23 29
47 40
33 74
11 45
5 3
54 1
68 55
9 44
29 4
76 13
7 62
36 69
65 58
13 64
49 58
46 43
55 26
42 62
80 55
9 21
61 38
79 26
32 56
2 77
30 47
20 22
56 35
6 21
67 75
33 59
77 32
78 19
8 50
37 14
48 10
61 12
52 42
35 2
73 3
42 13
56 6
22 4
18 8
49 15
32 52
58 44
59 70
61 8
69 41
68 76
67 46
29 41
44 49
28 22
41 53
23 7
77 12
29 25
20 68
34 74
55 35
50 54
54 21
39 56
15 63
12 75
27 70
51 62
36 9
54 33
78 12
46 25
30 57
58 11
6 5
73 58
25 40
70 71
20 23
43 10
11 79
46 80
47 2
60 34
5 62
34 19
43 26
11 33
57 69
23 62
33 17
59 27
48 5
35 3
32 13
71 51
69 60
48 60
73 6
38 44
57 65
43 56
2 75
14 7
51 75
29 72
38 63
30 61
24 13
16 7
73 35
68 45
66 71
18 65
20 31
16 9
1 48
3 28
9 64
32 16
4 3
2 37
27 7
79 9
3 66
65 40
43 42
36 72
74 8
23 29
18 25
35 67
80 24
48 16
2 58
11 20
74 19
13 60
15 55
46 58
32 65
17 4
32 52
28 4
12 4
77 11
1 69
66 48
74 10
21 59
6 46
80 61
77 73
10 13
37 55
22 5
22 19
15 75
30 19
51 59
24 61
1 36
54 43
1 11
56 35
13 62
64 29
71 77
68 12
14 38
57 2
65 78
47 70
53 25
44 50
7 41
33 37
67 46
79 35
71 63
22 49
50 14
12 71
34 41
79 80
29 2
10 7
27 54
3 76
42 54
33 26
67 73
36 25
21 51
31 75
41 20
20 45
21 47
37 38
48 39
33 66
31 44
73 3
47 27
32 58
15 17
74 51
17 56
29 30
22 74
46 62
63 71
66 3
18 21
13 5
33 78
33 7
54 64
55 47
31 6
25 4
16 55
25 75
76 61
21 24
31 5
5 49
1 72
3 12
3 43
60 10
22 50
19 34
20 50
27 58
65 22
30 42
75 35
38 61
57 15
37 63
37 58
59 44
43 8
57 35
66 29
72 68
68 21
39 37
74 29
11 73
48 23
68 41
36 60
63 55
13 53
48 66
36 10
9 7
77 54
32 70
27 2
70 23
48 41
70 59
34 14
9 33
78 2
14 59
18 56
80 72
49 46
78 69
27 28
67 46
49 52
41 45
54 13
50 26
31 23
73 79
19 14
28 40
73 43
28 30
58 61
10 2
18 4
22 62
33 67
75 79
67 28
24 73
53 12
55 68
54 11
3 25
75 34
38 50
16 80
20 25
54 52
37 72
41 2
38 75
20 29
24 11
22 19
44 35
25 32
43 20
62 76
52 13
5 24
55 52
7 57
46 58
23 73
37 80
18 66
38 15
9 65
26 39
32 45
4 69
21 27
64 17
33 51
77 69
63 23
60 80
48 49
10 40
76 58
45 70
13 47
69 21
8 48
68 67
29 72
54 56
6 28
66 9
68 12
77 11
1 2
22 10
73 15
59 15
28 42
48 14
62 46
9 2
17 47
29 55
23 39
44 78
27 4
72 30
31 77
17 66
7 32
57 70
36 33
63 74
37 10
13 14
74 26
12 71
44 47
61 14
27 56
55 10
46 14
47 35
51 77
53 23
38 42
5 13
78 34
58 75
26 2
4 40
60 24
18 53
6 26
2 33
16 73
56 65
80 14
31 33
15 17
18 45
2 13
56 53
26 1
62 45
11 15
16 24
63 6
42 80
68 37
66 16
69 52
71 35
30 51
62 59
55 54
9 19
36 62
3 58
52 21
69 12
29 79
7 35
71 75
25 61
20 1
24 41
6 80
19 10
64 63
22 48
77 78
44 73
76 45
22 50
44 9
54 19
22 7
11 58
38 46
73 68
74 78
43 79
71 44
18 68
39 7
57 13
29 9
30 34
79 32
63 72
4 49
49 28
15 67
52 8
69 33
40 74
74 29
70 11
25 1
25 75
28 40
27 68
55 69
47 70
79 10
41 74
12 80
43 14
23 58
14 66
65 54
66 73
27 23
63 78
36 46
63 32
43 40
50 28
51 56
19 15
48 8
72 80
32 39
17 20
29 77
37 74
43 11
75 71
31 10
59 55
17 27
25 4
77 17
59 76
18 49
54 55
67 45
50 7
75 34
33 8
10 64
57 42
5 67
25 42
35 53
64 51
4 47
66 70
52 70
45 15
25 41
12 3
42 53
80 77
12 9
44 57
73 50
9 22
49 6
16 37
36 54
71 1
5 19
71 47
75 24
2 59
65 49
65 8
79 19
4 23
3 22
13 63
68 61
16 41
53 38
30 58
14 26
21 48
56 31
79 48
62 57
73 60
68 36
32 58
18 75
18 68
56 35
59 42
32 13
71 9
72 11
27 41
46 26
27 63
8 28
31 56
1 66
73 58
67 15
16 30
79 49
67 78
75 59
60 54
43 59
41 62
34 21
15 60
12 40
40 24
7 67
50 71
30 32
22 39
64 21
54 13
66 3
38 2
62 63
51 29
55 47
80 2
74 45
11 36
73 31
44 20
23 33
69 57
22 49
69 71
15 75
80 37
51 33
3 36
11 77
24 74
44 13
47 44
47 70
36 22
34 66
58 4
6 18
30 53
19 24
8 40
21 17
80 56
32 8
74 48
65 26
54 2
37 61
63 37
19 14
60 3
69 25
19 46
4 52
5 73
76 33
31 25
39 79
65 14
51 34
25 10
5 52
8 5
64 74
13 25
3 75
16 32
33 74
52 41
32 12
64 62
44 28
6 72
59 27
50 37
10 60
80 78
34 55
3 43
13 39
76 17
59 62
17 78
45 70
11 45
79 14
80 36
67 68
24 12
16 39
30 54
51 11
60 49
54 41
12 10
37 4
65 48
4 42
52 22
5 2
28 64
33 44
40 57
37 20
47 24
24 67
61 56
71 22
41 69
20 56
48 1
3 13
77 15
57 70
77 29
66 11
46 60
66 72
14 5
69 23
58 10
63 48
15 56
42 65
45 40
14 59
20 35
55 7
55 32
53 76
47 52
26 69
21 80
16 31
19 54
42 38
47 4
62 72
66 67
29 61
9 21
53 78
18 22
73 39
21 65
5 54
57 13
50 58
74 61
21 41
71 21
53 11
69 16
25 38
80 34
33 19
47 24
1 56
37 31
9 7
2 52
20 32
5 68
34 29
29 22
70 38
39 33
74 7
64 40
32 25
76 29
2 31
78 80
1 28
44 71
62 8
7 48
69 75
53 3
15 80
72 54
17 55
59 22
61 48
57 64
43 76
4 14
62 23
69 10
62 12
73 16
18 17
54 66
79 56
60 24
15 6
65 63
8 4
79 31
3 49
33 30
45 67
6 51
22 42
45 40
34 79
76 27
13 4
70 77
15 51
25 3
53 71
37 49
52 9
24 21
19 16
49 63
57 67
17 50
9 36
46 8
26 63
52 13
35 37
19 1
77 20
2 5
56 50
72 23
35 7
15 34
64 48
59 80
31 9
40 70
26 63
11 59
67 59
80 57
75 79
46 34
52 47
24 9
16 75
29 58
65 53
30 20
39 41
80 50
50 68
33 28
77 30
62 11
38 32
72 42
36 23
21 3
5 8
27 7
76 23
16 40
10 36
15 5
27 12
11 55
6 12
69 77
44 29
46 45
50 7
2 25
67 41
54 76
77 68
58 69
66 32
74 27
43 69
32 3
47 25
43 42
13 5
58 49
70 79
48 18
31 79
73 35
56 63
18 54
6 74
78 66
2 52
64 76
60 41
42 71
51 3
30 26
14 65
36 4
33 43
35 19
33 37
9 26
63 47
67 17
22 29
72 1
66 31
46 61
34 68
15 65
19 67
7 74
48 31
34 67
69 33
73 71
26 66
39 5
76 59
23 22
28 71
46 1
67 52
59 66
18 56
21 23
54 70
76 36
49 29
70 76
32 10
53 45
63 36
63 17
25 11
12 13
13 43
60 42
27 69
47 63
51 74
44 7
13 56
64 6
40 1
61 9
6 26
65 78
16 15
77 45
65 62
61 17
37 45
56 23
50 54
72 65
31 66
36 33
44 42
10 41
21 3
14 54
53 1
58 52
68 27
57 68
8 70
64 5
55 24
38 29
3 28
3 17
51 44
33 77
27 55
38 49
38 25
2 61
62 77
26 39
68 4
15 79
62 75
15 30
32 28
79 20
55 80
21 35
25 69
41 73
53 79
31 52
59 42
28 63
38 35
54 16
14 56
33 8
46 59
29 19
79 54
47 15
13 42
22 9
64 7
37 27
2 74
73 53
52 34
60 27
41 19
21 74
33 23
69 42
49 25
45 76
22 73
16 17
25 72
12 11
17 79
4 29
29 75
77 76
65 37
63 70
77 49
74 11
39 76
11 18
66 1
14 31
72 20
53 7
7 9
65 32
24 30
37 80
25 57
24 58
48 21
19 66
47 62
55 42
69 44
64 79
50 58
2 63
72 6
65 4
18 60
34 12
40 55
78 27
38 26
10 33
36 8
12 8
46 26
43 21
67 26
32 47
2 64
43 5
60 46
32 61
61 50
5 48
34 49
4 14
77 71
61 30
18 69
3 38
66 68
55 51
79 13
41 46
56 63
73 17
17 20
10 23
33 80
38 3
50 16
13 45
8 75
78 9
56 21
31 70
80 74
31 2
41 48
49 33
7 15
10 21
38 22
79 69
18 2
60 37
73 53
66 77
61 50
36 73
34 52
16 20
19 66
51 39
47 50
44 35
55 54
35 4
49 29
43 65
68 43
49 1
8 71
80 57
63 54
70 59
55 28
68 64
75 64
34 9
42 4
54 47
9 62
13 72
5 52
58 14
5 40
33 77
75 6
55 11
30 66
5 45
38 45
32 8
26 47
15 25
16 15
52 24
36 43
23 63
76 27
64 67
77 40
27 58
41 39
18 59
12 35
4 20
27 36
37 58
60 14
69 72
34 39
2 68
17 40
16 56
44 65
47 8
1 17
15 36
76 19
56 36
79 37
72 21
64 14
20 1
40 44
20 71
33 18
36 31
71 30
13 5
79 6
70 40
69 67
67 68
62 19
68 49
75 29
10 57
69 54
69 11
64 59
51 68
74 27
53 58
1 80
42 4
22 72
38 62
7 3
52 14
41 19
44 3
40 8
25 6
32 66
75 35
46 29
34 63
37 46
38 9
59 39
62 21
18 32
55 73
60 55
58 50
63 5
51 18
2 72
14 20
7 4
45 27
12 34
61 79
3 42
56 33
43 47
9 71
78 38
37 35
13 12
9 33
8 10
10 48
39 23
6 78
51 28
77 32
55 21
64 23
58 80
47 78
27 53
53 26
67 24
80 5
16 3
19 7
28 26
44 31
58 78
53 15
41 11
5 76
45 14
34 45
57 67
47 39
43 34
37 66
43 5
9 7
11 16
77 3
64 10
7 26
1 32
5 67
46 1
12 55
1 31
54 57
39 6
37 30
14 43
23 53
33 68
68 75
41 67
46 52
51 40
74 24
62 78
46 20
37 18
20 4
69 17
16 36
57 8
21 3
64 21
75 49
25 18
72 68
60 41
42 32
10 2
55 65
28 71
31 22
77 27
27 39
26 36
74 64
73 70
59 2
17 40
6 70
28 48
13 27
75 20
32 11
79 29
55 42
56 21
80 74
2 69
61 66
54 66
79 54
18 35
63 10
78 36
73 47
38 77
50 42
69 51
29 15
79 23
18 17
37 50
46 19
78 38
41 3
16 7
62 39
7 14
1 68
64 42
74 36
66 12
1 34
77 51
62 48
57 70
42 48
9 13
71 33
47 73
60 66
2 74
9 72
59 67
29 23
22 5
40 76
33 32
77 58
4 61
7 55
45 50
78 55
56 20
17 41
75 41
35 9
69 3
25 36
54 5
8 65
38 63
53 22
17 54
19 11
63 25
37 57
42 8
8 21
11 18
47 62
66 57
29 67
34 15
31 28
2 63
1 77
49 80
47 6
29 26
24 75
58 31
24 69
37 22
32 43
43 71
79 56
30 52
13 76
48 50
33 5
53 76
38 56
18 46
4 54
13 44
4 10
31 80
55 30
53 58
30 67
34 27
78 80
55 53
49 29
73 38
76 28
72 38
54 27
52 65
50 37
54 14
51 79
57 58
44 47
28 27
71 60
20 12
6 35
66 53
56 27
51 74
13 70
60 59
50 35
66 41
11 63
6 30
20 39
59 28
10 42
20 76
37 64
8 4
50 67
8 48
34 8
26 38
25 33
72 5
19 15
30 3
73 2
31 13
41 59
47 78
23 58
33 72
3 23
22 15
48 13
48 24
76 19
33 18
71 1
4 62
10 45
1 60
2 44
43 54
14 6
77 19
80 11
46 31
5 21
11 15
41 7
37 68
9 4
66 55
79 74
29 73
69 35
52 78
61 40
74 58
49 65
10 17
40 17
17 32
3 24
31 36
30 5
75 24
23 16
14 40
48 24
52 17
67 60
39 48
71 10
25 42
7 4
18 54
61 42
47 28
38 76
66 40
8 58
51 34
72 73
37 40
80 44
20 55
53 19
70 62
16 50
75 28
77 47
52 58
12 31
45 17
67 22
42 73
46 34
11 1
44 39
6 71
80 15
23 25
65 20
33 32
26 76
66 25
69 23
3 12
66 64
24 43
49 72
3 78
56 60
5 26
7 74
17 28
79 58
29 80
61 56
13 72
27 4
73 52
20 60
39 8
8 30
14 53
1 56
70 57
22 54
44 7
34 49
62 23
41 2
32 59
1 35
3 21
27 68
63 40
24 2
50 55
65 16
5 38
18 67
5 61
62 12
48 32
53 2
36 47
68 74
70 71
49 9
37 25
78 3
25 4
51 18
38 77
44 55
1 13
41 36
52 58
76 71
36 26
1 2
75 61
70 13
44 27
50 14
34 11
38 67
10 72
22 11
27 53
55 31
41 23
21 64
58 57
9 23
12 73
21 66
23 74
59 16
70 62
48 65
9 47
18 14
16 36
30 16
40 32
46 67
35 58
65 12
7 78
54 68
11 40
5 40
3 43
49 15
7 43
61 71
20 24
53 19
26 78
71 56
35 45
73 57
19 18
33 1
6 68
47 74
48 61
27 80
68 49
19 15
28 33
69 6
14 73
17 24
22 42
26 65
29 35
39 77
6 63
79 49
25 10
24 53
31 80
41 46
13 10
21 15
48 70
33 60
39 46
22 12
57 8
