50 500
26 41 9690770
26 45 3529036
36 44 6120883
2 30 5271470
16 33 5631343
14 16 3461468
25 33 347030
12 16 5383585
3 17 8197384
10 35 2020227
17 41 5053314
6 9 4220431
20 32 3510288
29 33 5041119
5 31 6085123
6 7 5581869
10 32 4546268
19 40 4078841
17 19 692992
33 41 1232926
7 48 1680843
16 31 2795451
20 37 338651
29 43 6232689
27 48 5807870
30 37 5197931
1 25 8018610
7 18 8259283
4 45 8883183
10 33 7834909
17 45 496198
17 37 515765
3 50 4406366
38 40 8285858
29 46 6062303
6 8 6800751
25 26 4558314
9 45 868410
2 34 976540
11 28 2617940
31 48 1605374
10 15 8026924
6 18 5818184
11 37 6288155
17 33 1150521
24 35 6605896
8 32 7571488
21 46 2304849
10 24 4119073
5 28 5755857
19 43 3263386
21 27 2180449
13 35 3448001
13 23 2036742
27 30 3771643
8 13 9053939
2 28 8256647
36 42 5870826
1 27 8563833
17 38 6839900
35 50 8707024
19 29 5262559
9 32 9668897
11 18 2091264
13 41 231275
6 19 263917
48 49 3517773
8 15 8389579
37 47 6146929
12 29 7234379
18 19 3551344
25 30 5272770
3 29 5401091
37 46 9804469
17 48 8271670
31 42 2604183
25 47 3118508
3 7 5252300
3 46 1127854
30 45 1606303
38 45 7640739
22 32 7670640
33 45 2155077
30 46 5908320
2 32 3946158
32 39 2050819
11 38 2947968
7 12 856071
5 37 2550334
30 36 7907607
24 26 5476103
3 44 2537795
2 4 6700006
39 42 2858916
8 24 2199734
12 15 6512091
2 8 1687279
11 22 876682
10 39 8525323
12 14 3088557
31 32 4396782
8 33 2934872
19 48 2314926
5 7 9967984
9 41 846427
3 11 9873257
4 38 6036456
8 42 2764727
5 18 7044025
5 35 8296836
23 25 2130823
17 20 8560667
21 37 5167494
35 45 1388337
13 26 6259232
4 30 9509168
16 18 6760111
1 32 5408946
1 3 3069206
2 23 9783062
17 46 3564000
31 37 8273564
27 34 4301958
12 34 668973
15 33 9733255
40 49 3229637
26 29 8004112
17 21 3459050
31 50 3255596
36 39 7186258
31 34 254906
2 17 1280266
5 39 4087205
7 24 1203291
6 25 2122883
21 39 8738816
4 17 7869719
32 41 6594032
19 34 1800355
42 48 6181855
8 10 3950007
3 21 6952527
7 26 8458260
18 47 3052790
20 36 3302485
27 37 7626678
6 49 2006061
39 48 2020826
37 49 3482799
14 31 7732686
5 9 8592184
11 40 9087800
20 44 5808209
17 30 2977549
4 19 4526931
26 34 8440504
3 9 8424301
18 43 5518143
14 41 6929520
13 25 9455337
8 46 8178461
16 47 9943818
22 35 3738542
29 47 8917342
6 15 4974917
4 47 2287872
31 41 3906223
3 32 1031557
30 32 6145741
32 47 3166538
23 39 1914088
22 42 5026307
7 47 3545524
19 49 8912787
7 39 2845502
3 33 8898002
16 23 7180353
29 34 6825689
15 16 4037212
27 50 8587273
45 49 7521613
7 16 7043669
31 36 2084729
10 25 1553982
28 44 3600310
11 31 8130071
19 28 9611104
12 43 5212050
8 40 4190085
9 14 6129569
9 46 8855963
36 45 1205837
2 16 2366692
9 18 199617
1 40 8858187
11 12 7578281
18 21 4099390
21 48 5848741
20 48 4306679
12 39 81650
10 17 3543824
4 5 1730563
14 45 7198085
39 46 9117284
34 43 369783
18 46 3033694
46 48 8187913
17 34 9552854
42 45 5642132
17 23 755945
40 48 6761983
34 39 9621212
23 47 7575814
16 39 1541121
3 40 1433197
4 48 5805036
4 6 5257332
21 40 6888319
2 29 3409762
10 37 1645982
12 24 6992807
2 6 6845495
46 47 5463131
21 50 1543318
19 37 9348799
17 22 7878266
19 25 1605926
28 45 4852966
3 4 5022867
4 15 9469635
4 33 7230831
17 29 835689
38 48 5199763
10 43 9417155
13 33 4280551
11 41 5373038
14 32 5378847
7 15 8628339
4 12 4690544
30 41 6648141
44 45 2218567
11 42 5825700
19 41 7559794
29 40 4452750
12 17 5139226
25 35 9616532
5 27 284043
45 50 6713297
3 49 9908500
6 28 6277225
3 8 1946206
13 30 102054
24 39 9804140
1 9 2923657
26 30 2907044
22 24 3200775
11 50 637459
30 38 9627788
34 50 9582497
12 41 1817168
5 13 542301
22 37 1140522
4 14 4678660
22 36 5701553
1 17 4621489
42 47 8238240
37 38 3693831
1 47 6830084
27 35 2703609
8 49 4795630
21 29 101533
32 45 7390023
24 38 7063624
25 45 7382958
10 26 7897585
27 44 4021165
24 48 370020
16 26 1570654
33 49 1113042
9 13 9143987
6 20 4000839
15 34 1555693
7 33 1485308
18 32 9514100
27 38 5843820
26 48 2350948
28 38 4974707
23 28 2438322
12 25 4828166
12 47 553245
13 39 2010689
4 49 5501419
25 34 3100785
5 11 3205017
40 45 8333783
9 23 3728802
26 36 5886719
20 33 3745565
10 45 7052308
18 39 1710879
1 28 7581496
1 38 6069808
5 44 314634
16 27 3997796
29 44 8485769
7 50 7989843
18 30 8565890
11 17 649607
1 44 2630753
27 31 3641350
25 40 6861849
11 44 5022561
32 35 9506487
32 49 26137
20 42 319238
19 39 692963
32 37 3945071
29 38 4564144
26 42 9205949
5 48 2893490
24 50 8641288
10 44 8388771
24 27 9474830
14 29 6944978
7 46 6927924
4 11 345976
34 41 2037136
47 48 9625867
22 40 7792828
13 17 5283594
20 45 4605372
1 37 5808569
24 33 4916737
16 21 6482782
7 20 7863823
14 27 1189582
39 45 760275
24 29 8264065
26 40 711259
29 45 730953
1 22 5873064
16 44 5197764
10 30 1951480
2 50 5161284
18 27 9582553
3 48 8680404
21 22 9209425
5 41 5351379
17 25 7784764
26 47 8178481
16 35 6949795
29 35 1786744
25 37 6688076
19 50 8171004
6 33 6564075
9 50 7015178
18 35 2794749
1 15 5075835
21 36 3127173
21 43 8412266
15 23 9276240
13 27 4872767
6 43 6347489
2 39 8318217
37 40 6152067
9 48 4412497
35 36 2326366
8 36 3892096
4 42 6940359
6 14 133504
3 28 3179982
5 47 5720389
14 15 1259307
11 16 5340572
8 20 4760093
15 29 7189490
22 30 403011
34 49 8719685
5 45 2587212
4 8 2306039
1 19 4449590
15 48 1622680
31 40 6675829
21 26 5581750
4 18 2248845
5 6 2063268
24 40 3962361
28 50 6254046
24 34 7447787
21 25 7523490
29 41 6146085
6 37 5928230
16 22 3455861
10 42 6582638
24 36 3028563
22 23 4437918
7 14 2799559
12 31 6851274
5 34 6636878
9 24 9970368
45 47 5682616
30 33 9032197
10 23 6042931
21 34 7231150
4 23 5701331
43 50 8832566
42 46 7669501
22 29 9404326
6 42 9751101
8 14 5064372
4 41 3309968
11 33 2763605
11 23 4537846
1 26 3602591
14 37 3594961
13 29 9213107
8 17 4234496
12 33 3560863
11 19 3920222
21 23 8255156
27 39 342307
30 44 5851256
37 48 640215
1 24 6062598
14 49 2473270
4 21 4708382
20 47 6186147
11 14 6609938
11 24 8250401
23 34 524516
9 10 4464402
10 28 5333160
35 40 6554128
1 12 3110137
24 28 1686295
16 28 9308079
7 31 9556300
11 43 4120287
5 40 9742488
28 32 5844588
13 21 504578
37 44 3149644
3 16 4432352
9 27 7388288
15 19 2582124
34 36 1140512
34 42 241379
22 43 5996525
11 30 5824424
14 25 180186
11 26 4931093
43 48 9145805
9 40 1523091
7 11 6323286
23 30 9399250
23 48 6445990
5 12 5169451
33 38 2561622
2 9 839588
28 47 190215
5 19 4977964
20 23 2032253
27 28 3530323
37 50 2451223
27 42 6818622
33 50 8840682
14 47 3655239
15 21 6843793
13 46 6144353
3 5 5223717
31 38 3029018
21 35 6879815
18 26 6498938
16 24 6146737
6 17 7463080
10 38 4086697
6 41 5266103
36 37 1032400
33 34 8428057
13 16 5759579
23 31 1083110
11 20 301733
25 49 8909918
4 9 4844521
15 36 7148214
9 16 1799079
17 49 8043424
6 29 8905824
12 48 6315828
22 28 8833945
6 45 9685603
36 38 2576737
35 37 8586988
39 40 222329
7 41 6895268
25 28 8290740
19 35 5004942
4 46 7252259
15 49 7087339
25 42 7768637
